 &FCI NORB=  14,NELEC= 4,MS2=0,
  ORBSYM=1,1,1,1,1,1,1,1,1,1,1,1,1,1,
  ISYM=1,
 &END
 2.273135921388543    1    1    1    1
 -0.1901880605652204    1    1    2    1
 0.480898735080336    1    1    2    2
 0.3313252207112944    1    1    3    3
 0.3313252207112944    1    1    4    4
 0.3313252207112944    1    1    5    5
 -0.1576659016277594    1    1    6    1
 0.1824664921365015    1    1    6    2
 0.3772589481300876    1    1    6    6
 0.1746166946656926    1    1    7    3
 0.5282833779277543    1    1    7    7
 0.1746166946656925    1    1    8    4
 0.5282833779277538    1    1    8    8
 0.1746166946656926    1    1    9    5
 0.5282833779277543    1    1    9    9
 0.4150878958055794    1    1   10   10
 0.4150878958055794    1    1   11   11
 0.4150878958055791    1    1   12   12
 0.4150878958055794    1    1   13   13
 0.4150878958055789    1    1   14   14
 -0.1901880605652203    2    1    1    1
 0.02530580716570976    2    1    2    1
 -0.005659814265755272    2    1    2    2
 -0.00102659267380581    2    1    3    3
 -0.00102659267380581    2    1    4    4
 -0.00102659267380581    2    1    5    5
 0.0205039757865259    2    1    6    1
 -0.004614989744745358    2    1    6    2
 -0.003935777579526857    2    1    6    6
 -0.002684360428771496    2    1    7    3
 -0.007138291056804386    2    1    7    7
 -0.002684360428771496    2    1    8    4
 -0.007138291056804379    2    1    8    8
 -0.002684360428771496    2    1    9    5
 -0.007138291056804386    2    1    9    9
 -0.0005765609848720444    2    1   10   10
 -0.0005765609848720444    2    1   11   11
 -0.0005765609848720314    2    1   12   12
 -0.0005765609848720444    2    1   13   13
 -0.0005765609848720083    2    1   14   14
 0.480898735080336    2    2    1    1
 -0.005659814265755278    2    2    2    1
 0.3434890616502996    2    2    2    2
 0.2786330499749401    2    2    3    3
 0.2786330499749401    2    2    4    4
 0.2786330499749401    2    2    5    5
 -0.004621777865076769    2    2    6    1
 0.0742445518891779    2    2    6    2
 0.2770500736412921    2    2    6    6
 0.08302838150881388    2    2    7    3
 0.3288876304047511    2    2    7    7
 0.08302838150881381    2    2    8    4
 0.3288876304047509    2    2    8    8
 0.08302838150881388    2    2    9    5
 0.3288876304047511    2    2    9    9
 0.3419714741327997    2    2   10   10
 0.3419714741327997    2    2   11   11
 0.3419714741327995    2    2   12   12
 0.3419714741327997    2    2   13   13
 0.3419714741327995    2    2   14   14
 0.002767512527192106    3    1    3    1
 0.005319316163647963    3    1    3    2
 0.001848224194362877    3    1    6    3
 0.007459746423199666    3    1    7    1
 0.006233142626456985    3    1    7    2
 0.006018796754816652    3    1    7    6
 0.003821447143480581    3    1   10    5
 0.004156095159636365    3    1   10    9
 0.003821447143480581    3    1   11    4
 0.004156095159636363    3    1   11    8
 -0.00220631353698244    3    1   12    3
 -0.002399522659193755    3    1   12    7
 -0.00382144714348058    3    1   14    3
 -0.004156095159636363    3    1   14    7
 0.005319316163647963    3    2    3    1
 0.05400677383049685    3    2    3    2
 -0.008079619975713517    3    2    6    3
 0.01246957764192711    3    2    7    1
 0.03179666875827078    3    2    7    2
 0.04424556343458629    3    2    7    6
 0.04090396451104453    3    2   10    5
 0.02608562559075572    3    2   10    9
 0.04090396451104453    3    2   11    4
 0.0260856255907557    3    2   11    8
 -0.02361591492137445    3    2   12    3
 -0.0150605429568026    3    2   12    7
 -0.04090396451104451    3    2   14    3
 -0.02608562559075571    3    2   14    7
 0.3313252207112945    3    3    1    1
 -0.00102659267380581    3    3    2    1
 0.2786330499749401    3    3    2    2
 0.2609740612014143    3    3    3    3
 0.2325179706038386    3    3    4    4
 0.2325179706038386    3    3    5    5
 -0.0009289271011421144    3    3    6    1
 0.0393560570158637    3    3    6    2
 0.2370138487048354    3    3    6    6
 0.04968259330965997    3    3    7    3
 0.2788544486530143    3    3    7    7
 0.04693842216797432    3    3    8    4
 0.2555464810563673    3    3    8    8
 0.04693842216797438    3    3    9    5
 0.2555464810563675    3    3    9    9
 0.288917434573263    3    3   10   10
 0.288917434573263    3    3   11   11
 -0.0005685547379191044    3    3   12    1
 -0.01146204009387838    3    3   12    2
 -0.0007833926467340699    3    3   12    6
 0.2730016004112061    3    3   12   12
 0.2650436833301778    3    3   13   13
 -0.0009847656929599022    3    3   14    1
 -0.01985283580098885    3    3   14    2
 -0.00135687586641944    3    3   14    6
 0.01378351670676139    3    3   14   12
 0.2889174345732629    3    3   14   14
 0.002767512527192108    4    1    4    1
 0.005319316163647964    4    1    4    2
 0.00184822419436288    4    1    6    4
 0.007459746423199665    4    1    8    1
 0.006233142626456982    4    1    8    2
 0.006018796754816655    4    1    8    6
 0.003821447143480582    4    1   11    3
 0.004156095159636367    4    1   11    7
 0.004412627073964881    4    1   12    4
 0.004799045318387509    4    1   12    8
 0.003821447143480582    4    1   13    5
 0.004156095159636367    4    1   13    9
 0.005319316163647964    4    2    4    1
 0.05400677383049686    4    2    4    2
 -0.008079619975713506    4    2    6    4
 0.0124695776419271    4    2    8    1
 0.03179666875827076    4    2    8    2
 0.04424556343458625    4    2    8    6
 0.04090396451104453    4    2   11    3
 0.02608562559075571    4    2   11    7
 0.04723182984274892    4    2   12    4
 0.0301210859136052    4    2   12    8
 0.04090396451104453    4    2   13    5
 0.02608562559075571    4    2   13    9
 0.01422804529878781    4    3    4    3
 0.001372085570842785    4    3    7    4
 0.001372085570842779    4    3    8    3
 0.01165398379832341    4    3    8    7
 0.0009847656929599026    4    3   11    1
 0.01985283580098885    4    3   11    2
 0.001356875866419405    4    3   11    6
 0.006891758353380696    4    3   12   11
 0.01193687562154259    4    3   13   10
 -0.01193687562154259    4    3   14   11
 0.3313252207112945    4    4    1    1
 -0.00102659267380581    4    4    2    1
 0.2786330499749401    4    4    2    2
 0.2325179706038386    4    4    3    3
 0.2609740612014142    4    4    4    4
 0.2325179706038386    4    4    5    5
 -0.0009289271011421146    4    4    6    1
 0.03935605701586371    4    4    6    2
 0.2370138487048352    4    4    6    6
 0.04693842216797438    4    4    7    3
 0.2555464810563675    4    4    7    7
 0.0496825933096599    4    4    8    4
 0.2788544486530141    4    4    8    8
 0.04693842216797438    4    4    9    5
 0.2555464810563675    4    4    9    9
 0.2650436833301778    4    4   10   10
 0.288917434573263    4    4   11   11
 0.001137109475838219    4    4   12    1
 0.0229240801877567    4    4   12    2
 0.00156678529346832    4    4   12    6
 0.2968753516542912    4    4   12   12
 0.288917434573263    4    4   13   13
 0.2650436833301777    4    4   14   14
 0.002767512527192106    5    1    5    1
 0.005319316163647963    5    1    5    2
 0.001848224194362877    5    1    6    5
 0.007459746423199666    5    1    9    1
 0.006233142626456985    5    1    9    2
 0.006018796754816652    5    1    9    6
 0.003821447143480581    5    1   10    3
 0.004156095159636365    5    1   10    7
 -0.00220631353698244    5    1   12    5
 -0.002399522659193755    5    1   12    9
 0.003821447143480581    5    1   13    4
 0.004156095159636363    5    1   13    8
 0.00382144714348058    5    1   14    5
 0.004156095159636363    5    1   14    9
 0.005319316163647963    5    2    5    1
 0.05400677383049685    5    2    5    2
 -0.008079619975713517    5    2    6    5
 0.01246957764192711    5    2    9    1
 0.03179666875827078    5    2    9    2
 0.04424556343458629    5    2    9    6
 0.04090396451104453    5    2   10    3
 0.02608562559075572    5    2   10    7
 -0.02361591492137445    5    2   12    5
 -0.0150605429568026    5    2   12    9
 0.04090396451104453    5    2   13    4
 0.0260856255907557    5    2   13    8
 0.04090396451104451    5    2   14    5
 0.02608562559075571    5    2   14    9
 0.01422804529878781    5    3    5    3
 0.001372085570842781    5    3    7    5
 0.001372085570842781    5    3    9    3
 0.01165398379832341    5    3    9    7
 0.0009847656929599024    5    3   10    1
 0.01985283580098885    5    3   10    2
 0.001356875866419405    5    3   10    6
 -0.0137835167067614    5    3   12   10
 0.0119368756215426    5    3   13   11
 0.01422804529878781    5    4    5    4
 0.00137208557084278    5    4    8    5
 0.001372085570842786    5    4    9    4
 0.01165398379832341    5    4    9    8
 0.0119368756215426    5    4   11   10
 0.0009847656929599024    5    4   13    1
 0.01985283580098885    5    4   13    2
 0.001356875866419405    5    4   13    6
 0.006891758353380697    5    4   13   12
 0.01193687562154259    5    4   14   13
 0.3313252207112945    5    5    1    1
 -0.00102659267380581    5    5    2    1
 0.2786330499749401    5    5    2    2
 0.2325179706038386    5    5    3    3
 0.2325179706038386    5    5    4    4
 0.2609740612014143    5    5    5    5
 -0.0009289271011421144    5    5    6    1
 0.0393560570158637    5    5    6    2
 0.2370138487048354    5    5    6    6
 0.04693842216797438    5    5    7    3
 0.2555464810563675    5    5    7    7
 0.04693842216797432    5    5    8    4
 0.2555464810563673    5    5    8    8
 0.04968259330965997    5    5    9    5
 0.2788544486530143    5    5    9    9
 0.288917434573263    5    5   10   10
 0.2650436833301778    5    5   11   11
 -0.0005685547379191044    5    5   12    1
 -0.01146204009387838    5    5   12    2
 -0.0007833926467340699    5    5   12    6
 0.2730016004112061    5    5   12   12
 0.288917434573263    5    5   13   13
 0.0009847656929599022    5    5   14    1
 0.01985283580098885    5    5   14    2
 0.00135687586641944    5    5   14    6
 -0.01378351670676139    5    5   14   12
 0.2889174345732629    5    5   14   14
 -0.1576659016277589    6    1    1    1
 0.02050397578652596    6    1    2    1
 -0.004621777865076769    6    1    2    2
 -0.0009289271011421232    6    1    3    3
 -0.0009289271011421238    6    1    4    4
 -0.0009289271011421232    6    1    5    5
 0.01687270185688624    6    1    6    1
 -0.003735319947833749    6    1    6    2
 -0.003252275714344134    6    1    6    6
 -0.002312574898260531    6    1    7    3
 -0.00622256040097493    6    1    7    7
 -0.002312574898260531    6    1    8    4
 -0.006222560400974925    6    1    8    8
 -0.002312574898260531    6    1    9    5
 -0.00622256040097493    6    1    9    9
 -0.0005190227073863135    6    1   10   10
 -0.0005190227073863135    6    1   11   11
 -0.0005190227073863735    6    1   12   12
 -0.0005190227073863135    6    1   13   13
 -0.0005190227073863349    6    1   14   14
 0.1824664921365015    6    2    1    1
 -0.004614989744745369    6    2    2    1
 0.07424455188917793    6    2    2    2
 0.03935605701586375    6    2    3    3
 0.03935605701586375    6    2    4    4
 0.03935605701586375    6    2    5    5
 -0.003735319947833822    6    2    6    1
 0.04460884770591838    6    2    6    2
 0.0462666162786373    6    2    6    6
 0.04354020722772147    6    2    7    3
 0.07970327739216657    6    2    7    7
 0.04354020722772145    6    2    8    4
 0.07970327739216648    6    2    8    8
 0.04354020722772147    6    2    9    5
 0.07970327739216657    6    2    9    9
 0.06741590794029237    6    2   10   10
 0.06741590794029237    6    2   11   11
 0.06741590794029229    6    2   12   12
 0.06741590794029237    6    2   13   13
 0.0674159079402922    6    2   14   14
 0.001848224194362877    6    3    3    1
 -0.008079619975713513    6    3    3    2
 0.02005983493614467    6    3    6    3
 0.004573835380372571    6    3    7    1
 0.01289614421145463    6    3    7    2
 -0.005056146709684729    6    3    7    6
 -0.004976303991280221    6    3   10    5
 0.00592149480042337    6    3   10    9
 -0.004976303991280216    6    3   11    4
 0.005921494800423384    6    3   11    8
 0.002873070448935052    6    3   12    3
 -0.003418776617029403    6    3   12    7
 0.004976303991280232    6    3   14    3
 -0.005921494800423394    6    3   14    7
 0.001848224194362879    6    4    4    1
 -0.008079619975713503    6    4    4    2
 0.02005983493614467    6    4    6    4
 0.004573835380372571    6    4    8    1
 0.01289614421145464    6    4    8    2
 -0.005056146709684739    6    4    8    6
 -0.004976303991280219    6    4   11    3
 0.005921494800423407    6    4   11    7
 -0.00574614089787009    6    4   12    4
 0.006837553234058823    6    4   12    8
 -0.004976303991280219    6    4   13    5
 0.005921494800423407    6    4   13    9
 0.001848224194362877    6    5    5    1
 -0.008079619975713513    6    5    5    2
 0.02005983493614467    6    5    6    5
 0.004573835380372571    6    5    9    1
 0.01289614421145463    6    5    9    2
 -0.005056146709684729    6    5    9    6
 -0.004976303991280221    6    5   10    3
 0.00592149480042337    6    5   10    7
 0.002873070448935052    6    5   12    5
 -0.003418776617029403    6    5   12    9
 -0.004976303991280216    6    5   13    4
 0.005921494800423384    6    5   13    8
 -0.004976303991280232    6    5   14    5
 0.005921494800423394    6    5   14    9
 0.3772589481300881    6    6    1    1
 -0.003935777579526802    6    6    2    1
 0.2770500736412922    6    6    2    2
 0.2370138487048356    6    6    3    3
 0.2370138487048356    6    6    4    4
 0.2370138487048356    6    6    5    5
 -0.003252275714344277    6    6    6    1
 0.04626661627863754    6    6    6    2
 0.2388689306120552    6    6    6    6
 0.05152347409159744    6    6    7    3
 0.2711737806644294    6    6    7    7
 0.05152347409159737    6    6    8    4
 0.2711737806644293    6    6    8    8
 0.05152347409159744    6    6    9    5
 0.2711737806644294    6    6    9    9
 0.2733359597432495    6    6   10   10
 0.2733359597432495    6    6   11   11
 0.2733359597432496    6    6   12   12
 0.2733359597432495    6    6   13   13
 0.27333595974325    6    6   14   14
 0.007459746423199666    7    1    3    1
 0.01246957764192711    7    1    3    2
 0.004573835380372576    7    1    6    3
 0.0202989868561051    7    1    7    1
 0.01499668116538571    7    1    7    2
 0.01443928967915814    7    1    7    6
 0.008900578113228572    7    1   10    5
 0.009962978344412331    7    1   10    9
 0.008900578113228572    7    1   11    4
 0.009962978344412326    7    1   11    8
 -0.005138751169615804    7    1   12    3
 -0.005752128229076866    7    1   12    7
 -0.008900578113228566    7    1   14    3
 -0.009962978344412319    7    1   14    7
 0.006233142626456987    7    2    3    1
 0.03179666875827079    7    2    3    2
 0.01289614421145466    7    2    6    3
 0.01499668116538572    7    2    7    1
 0.03597693279653023    7    2    7    2
 0.02960837704480553    7    2    7    6
 0.02460752429235926    7    2   10    5
 0.02479028880667542    7    2   10    9
 0.02460752429235927    7    2   11    4
 0.02479028880667541    7    2   11    8
 -0.01420716077428386    7    2   12    3
 -0.01431267991582262    7    2   12    7
 -0.02460752429235924    7    2   14    3
 -0.0247902888066754    7    2   14    7
 0.1746166946656925    7    3    1    1
 -0.002684360428771497    7    3    2    1
 0.08302838150881388    7    3    2    2
 0.04968259330965995    7    3    3    3
 0.04693842216797438    7    3    4    4
 0.04693842216797438    7    3    5    5
 -0.00231257489826058    7    3    6    1
 0.0435402072277216    7    3    6    2
 0.05152347409159704    7    3    6    6
 0.05329927020523179    7    3    7    3
 0.0919357326012538    7    3    7    7
 0.04048317918148982    7    3    8    4
 0.08058406253022345    7    3    8    8
 0.04048317918148985    7    3    9    5
 0.08058406253022353    7    3    9    9
 0.08190251492331389    7    3   10   10
 0.08190251492331389    7    3   11   11
 -0.0006545614850630147    7    3   12    1
 -0.004822688869688022    7    3   12    2
 -0.003586589792228806    7    3   12    6
 0.07554815815758092    7    3   12   12
 0.07237097977471452    7    3   13   13
 -0.001133733748806871    7    3   14    1
 -0.008353142151396606    7    3   14    2
 -0.006212155746048132    7    3   14    6
 0.005503034383834302    7    3   14   12
 0.08190251492331393    7    3   14   14
 0.001372085570842786    7    4    4    3
 0.006408045511871007    7    4    7    4
 0.006408045511871003    7    4    8    3
 0.005675835035515192    7    4    8    7
 0.001133733748806875    7    4   11    1
 0.008353142151396596    7    4   11    2
 0.006212155746048139    7    4   11    6
 0.002751517191917132    7    4   12   11
 0.00476576757429972    7    4   13   10
 -0.004765767574299721    7    4   14   11
 0.001372085570842782    7    5    5    3
 0.006408045511871007    7    5    7    5
 0.006408045511871007    7    5    9    3
 0.005675835035515191    7    5    9    7
 0.001133733748806875    7    5   10    1
 0.008353142151396594    7    5   10    2
 0.00621215574604813    7    5   10    6
 -0.005503034383834266    7    5   12   10
 0.00476576757429972    7    5   13   11
 0.006018796754816655    7    6    3    1
 0.04424556343458627    7    6    3    2
 -0.005056146709684786    7    6    6    3
 0.01443928967915815    7    6    7    1
 0.02960837704480551    7    6    7    2
 0.04290652634858228    7    6    7    6
 0.031927139921678    7    6   10    5
 0.02308755781855734    7    6   10    9
 0.031927139921678    7    6   11    4
 0.0230875578185573    7    6   11    8
 -0.01843314282823562    7    6   12    3
 -0.0133296077214751    7    6   12    7
 -0.03192713992167796    7    6   14    3
 -0.02308755781855723    7    6   14    7
 0.5282833779277541    7    7    1    1
 -0.007138291056804355    7    7    2    1
 0.328887630404751    7    7    2    2
 0.2788544486530143    7    7    3    3
 0.2555464810563675    7    7    4    4
 0.2555464810563675    7    7    5    5
 -0.006222560400974854    7    7    6    1
 0.07970327739216647    7    7    6    2
 0.2711737806644308    7    7    6    6
 0.09193573260125376    7    7    7    3
 0.3535191891880844    7    7    7    7
 0.08058406253022342    7    7    8    4
 0.3199219401286566    7    7    8    8
 0.0805840625302235    7    7    9    5
 0.3199219401286568    7    7    9    9
 0.3261904589681225    7    7   10   10
 0.3261904589681225    7    7   11   11
 -0.001325099096066671    7    7   12    1
 -0.01123838333288961    7    7   12    2
 -0.004042297587083354    7    7   12    6
 0.3115973867556495    7    7   12   12
 0.3043008506494126    7    7   13   13
 -0.002295138959451075    7    7   14    1
 -0.01946545092750004    7    7   14    2
 -0.007001464800141837    7    7   14    6
 0.01263797125526251    7    7   14   12
 0.3261904589681225    7    7   14   14
 0.007459746423199666    8    1    4    1
 0.0124695776419271    8    1    4    2
 0.004573835380372575    8    1    6    4
 0.02029898685610509    8    1    8    1
 0.01499668116538569    8    1    8    2
 0.01443928967915814    8    1    8    6
 0.008900578113228565    8    1   11    3
 0.009962978344412328    8    1   11    7
 0.01027750233923161    8    1   12    4
 0.01150425645815373    8    1   12    8
 0.008900578113228565    8    1   13    5
 0.009962978344412328    8    1   13    9
 0.006233142626456986    8    2    4    1
 0.03179666875827077    8    2    4    2
 0.01289614421145467    8    2    6    4
 0.0149966811653857    8    2    8    1
 0.03597693279653019    8    2    8    2
 0.02960837704480551    8    2    8    6
 0.02460752429235924    8    2   11    3
 0.0247902888066754    8    2   11    7
 0.02841432154856773    8    2   12    4
 0.02862535983164521    8    2   12    8
 0.02460752429235924    8    2   13    5
 0.0247902888066754    8    2   13    9
 0.00137208557084278    8    3    4    3
 0.006408045511871002    8    3    7    4
 0.006408045511871    8    3    8    3
 0.005675835035515178    8    3    8    7
 0.001133733748806874    8    3   11    1
 0.008353142151396584    8    3   11    2
 0.006212155746048133    8    3   11    6
 0.002751517191917128    8    3   12   11
 0.004765767574299714    8    3   13   10
 -0.004765767574299715    8    3   14   11
 0.1746166946656924    8    4    1    1
 -0.002684360428771498    8    4    2    1
 0.08302838150881378    8    4    2    2
 0.04693842216797433    8    4    3    3
 0.04968259330965989    8    4    4    4
 0.04693842216797433    8    4    5    5
 -0.002312574898260538    8    4    6    1
 0.04354020722772155    8    4    6    2
 0.05152347409159713    8    4    6    6
 0.04048317918148982    8    4    7    3
 0.0805840625302234    8    4    7    7
 0.05329927020523176    8    4    8    4
 0.09193573260125359    8    4    8    8
 0.04048317918148982    8    4    9    5
 0.0805840625302234    8    4    9    9
 0.07237097977471442    8    4   10   10
 0.08190251492331387    8    4   11   11
 0.001309122970126021    8    4   12    1
 0.009645377739376085    8    4   12    2
 0.007173179584457534    8    4   12    6
 0.08507969330618026    8    4   12   12
 0.08190251492331387    8    4   13   13
 0.07237097977471439    8    4   14   14
 0.001372085570842779    8    5    5    4
 0.006408045511871    8    5    8    5
 0.006408045511871002    8    5    9    4
 0.005675835035515179    8    5    9    8
 0.004765767574299714    8    5   11   10
 0.001133733748806874    8    5   13    1
 0.008353142151396584    8    5   13    2
 0.006212155746048133    8    5   13    6
 0.002751517191917128    8    5   13   12
 0.004765767574299715    8    5   14   13
 0.006018796754816653    8    6    4    1
 0.04424556343458625    8    6    4    2
 -0.005056146709684789    8    6    6    4
 0.01443928967915814    8    6    8    1
 0.02960837704480545    8    6    8    2
 0.04290652634858233    8    6    8    6
 0.03192713992167799    8    6   11    3
 0.02308755781855733    8    6   11    7
 0.03686628565647125    8    6   12    4
 0.02665921544295023    8    6   12    8
 0.03192713992167799    8    6   13    5
 0.02308755781855733    8    6   13    9
 0.01165398379832341    8    7    4    3
 0.005675835035515194    8    7    7    4
 0.005675835035515187    8    7    8    3
 0.01679862452971368    8    7    8    7
 0.002295138959451075    8    7   11    1
 0.01946545092750005    8    7   11    2
 0.007001464800141837    8    7   11    6
 0.006318985627631293    8    7   12   11
 0.01094480415935492    8    7   13   10
 -0.01094480415935492    8    7   14   11
 0.5282833779277538    8    8    1    1
 -0.007138291056804337    8    8    2    1
 0.3288876304047507    8    8    2    2
 0.2555464810563673    8    8    3    3
 0.2788544486530141    8    8    4    4
 0.2555464810563673    8    8    5    5
 -0.006222560400974819    8    8    6    1
 0.0797032773921664    8    8    6    2
 0.2711737806644306    8    8    6    6
 0.08058406253022342    8    8    7    3
 0.3199219401286568    8    8    7    7
 0.09193573260125368    8    8    8    4
 0.3535191891880837    8    8    8    8
 0.08058406253022342    8    8    9    5
 0.3199219401286568    8    8    9    9
 0.3043008506494125    8    8   10   10
 0.326190458968122    8    8   11   11
 0.002650198192133339    8    8   12    1
 0.02247676666577927    8    8   12    2
 0.008084595174167174    8    8   12    6
 0.3334869950743589    8    8   12   12
 0.326190458968122    8    8   13   13
 0.3043008506494124    8    8   14   14
 0.007459746423199666    9    1    5    1
 0.01246957764192711    9    1    5    2
 0.004573835380372576    9    1    6    5
 0.0202989868561051    9    1    9    1
 0.01499668116538571    9    1    9    2
 0.01443928967915814    9    1    9    6
 0.008900578113228572    9    1   10    3
 0.009962978344412331    9    1   10    7
 -0.005138751169615804    9    1   12    5
 -0.005752128229076866    9    1   12    9
 0.008900578113228572    9    1   13    4
 0.009962978344412326    9    1   13    8
 0.008900578113228566    9    1   14    5
 0.009962978344412319    9    1   14    9
 0.006233142626456987    9    2    5    1
 0.03179666875827079    9    2    5    2
 0.01289614421145466    9    2    6    5
 0.01499668116538572    9    2    9    1
 0.03597693279653023    9    2    9    2
 0.02960837704480553    9    2    9    6
 0.02460752429235926    9    2   10    3
 0.02479028880667542    9    2   10    7
 -0.01420716077428386    9    2   12    5
 -0.01431267991582262    9    2   12    9
 0.02460752429235927    9    2   13    4
 0.02479028880667541    9    2   13    8
 0.02460752429235924    9    2   14    5
 0.0247902888066754    9    2   14    9
 0.001372085570842782    9    3    5    3
 0.006408045511871007    9    3    7    5
 0.006408045511871007    9    3    9    3
 0.005675835035515191    9    3    9    7
 0.001133733748806875    9    3   10    1
 0.008353142151396594    9    3   10    2
 0.00621215574604813    9    3   10    6
 -0.005503034383834266    9    3   12   10
 0.00476576757429972    9    3   13   11
 0.001372085570842786    9    4    5    4
 0.006408045511871003    9    4    8    5
 0.006408045511871007    9    4    9    4
 0.005675835035515192    9    4    9    8
 0.00476576757429972    9    4   11   10
 0.001133733748806875    9    4   13    1
 0.008353142151396596    9    4   13    2
 0.006212155746048139    9    4   13    6
 0.002751517191917132    9    4   13   12
 0.004765767574299721    9    4   14   13
 0.1746166946656925    9    5    1    1
 -0.002684360428771497    9    5    2    1
 0.08302838150881388    9    5    2    2
 0.04693842216797438    9    5    3    3
 0.04693842216797438    9    5    4    4
 0.04968259330965995    9    5    5    5
 -0.00231257489826058    9    5    6    1
 0.0435402072277216    9    5    6    2
 0.05152347409159704    9    5    6    6
 0.04048317918148985    9    5    7    3
 0.08058406253022353    9    5    7    7
 0.04048317918148982    9    5    8    4
 0.08058406253022345    9    5    8    8
 0.05329927020523179    9    5    9    5
 0.0919357326012538    9    5    9    9
 0.08190251492331389    9    5   10   10
 0.07237097977471452    9    5   11   11
 -0.0006545614850630147    9    5   12    1
 -0.004822688869688022    9    5   12    2
 -0.003586589792228806    9    5   12    6
 0.07554815815758092    9    5   12   12
 0.08190251492331389    9    5   13   13
 0.001133733748806871    9    5   14    1
 0.008353142151396606    9    5   14    2
 0.006212155746048132    9    5   14    6
 -0.005503034383834302    9    5   14   12
 0.08190251492331393    9    5   14   14
 0.006018796754816655    9    6    5    1
 0.04424556343458627    9    6    5    2
 -0.005056146709684786    9    6    6    5
 0.01443928967915815    9    6    9    1
 0.02960837704480551    9    6    9    2
 0.04290652634858228    9    6    9    6
 0.031927139921678    9    6   10    3
 0.02308755781855734    9    6   10    7
 -0.01843314282823562    9    6   12    5
 -0.0133296077214751    9    6   12    9
 0.031927139921678    9    6   13    4
 0.0230875578185573    9    6   13    8
 0.03192713992167796    9    6   14    5
 0.02308755781855723    9    6   14    9
 0.01165398379832341    9    7    5    3
 0.005675835035515194    9    7    7    5
 0.005675835035515194    9    7    9    3
 0.01679862452971368    9    7    9    7
 0.002295138959451075    9    7   10    1
 0.01946545092750005    9    7   10    2
 0.007001464800141854    9    7   10    6
 -0.0126379712552626    9    7   12   10
 0.01094480415935492    9    7   13   11
 0.01165398379832341    9    8    5    4
 0.005675835035515189    9    8    8    5
 0.005675835035515197    9    8    9    4
 0.01679862452971367    9    8    9    8
 0.01094480415935492    9    8   11   10
 0.002295138959451075    9    8   13    1
 0.01946545092750005    9    8   13    2
 0.007001464800141841    9    8   13    6
 0.006318985627631292    9    8   13   12
 0.01094480415935492    9    8   14   13
 0.5282833779277541    9    9    1    1
 -0.007138291056804355    9    9    2    1
 0.328887630404751    9    9    2    2
 0.2555464810563675    9    9    3    3
 0.2555464810563675    9    9    4    4
 0.2788544486530143    9    9    5    5
 -0.006222560400974854    9    9    6    1
 0.07970327739216647    9    9    6    2
 0.2711737806644308    9    9    6    6
 0.0805840625302235    9    9    7    3
 0.3199219401286568    9    9    7    7
 0.08058406253022342    9    9    8    4
 0.3199219401286566    9    9    8    8
 0.09193573260125376    9    9    9    5
 0.3535191891880844    9    9    9    9
 0.3261904589681225    9    9   10   10
 0.3043008506494126    9    9   11   11
 -0.001325099096066671    9    9   12    1
 -0.01123838333288961    9    9   12    2
 -0.004042297587083354    9    9   12    6
 0.3115973867556495    9    9   12   12
 0.3261904589681225    9    9   13   13
 0.002295138959451075    9    9   14    1
 0.01946545092750004    9    9   14    2
 0.007001464800141837    9    9   14    6
 -0.01263797125526251    9    9   14   12
 0.3261904589681225    9    9   14   14
 0.0009847656929599024   10    1    5    3
 0.001133733748806874   10    1    7    5
 0.001133733748806874   10    1    9    3
 0.002295138959451075   10    1    9    7
 0.000438442376847402   10    1   10    1
 0.002056705547597513   10    1   10    2
 0.001151331878519726   10    1   10    6
 -0.001265207923405011   10    1   12   10
 0.001095702202738096   10    1   13   11
 0.01985283580098884   10    2    5    3
 0.008353142151396594   10    2    7    5
 0.008353142151396594   10    2    9    3
 0.01946545092750007   10    2    9    7
 0.002056705547597514   10    2   10    1
 0.03510726859022344   10    2   10    2
 0.008054523744415967   10    2   10    6
 -0.02434173779962325   10    2   12   10
 0.02108056330673366   10    2   13   11
 0.003821447143480581   10    3    5    1
 0.04090396451104452   10    3    5    2
 -0.004976303991280229   10    3    6    5
 0.00890057811322857   10    3    9    1
 0.02460752429235925   10    3    9    2
 0.03192713992167798   10    3    9    6
 0.0410434484753959   10    3   10    3
 0.02596373163817603   10    3   10    7
 -0.02024660456953922   10    3   12    5
 -0.01288668350737865   10    3   12    9
 0.02909284711500034   10    3   13    4
 0.01867704951350334   10    3   13    8
 0.02311754643480256   10    3   14    5
 0.01503370845116704   10    3   14    9
 0.005975300680197785   10    4   10    4
 0.003643341062336328   10    4   10    8
 0.005975300680197785   10    4   11    5
 0.00364334106233633   10    4   11    9
 0.005975300680197785   10    4   13    3
 0.00364334106233633   10    4   13    7
 0.003821447143480581   10    5    3    1
 0.04090396451104452   10    5    3    2
 -0.004976303991280229   10    5    6    3
 0.00890057811322857   10    5    7    1
 0.02460752429235925   10    5    7    2
 0.03192713992167798   10    5    7    6
 0.0410434484753959   10    5   10    5
 0.02596373163817603   10    5   10    9
 0.02909284711500034   10    5   11    4
 0.01867704951350334   10    5   11    8
 -0.02024660456953922   10    5   12    3
 -0.01288668350737865   10    5   12    7
 -0.02311754643480256   10    5   14    3
 -0.01503370845116704   10    5   14    7
 0.001356875866419402   10    6    5    3
 0.00621215574604812   10    6    7    5
 0.00621215574604812   10    6    9    3
 0.007001464800141839   10    6    9    7
 0.001151331878519728   10    6   10    1
 0.008054523744415976   10    6   10    2
 0.007490501284487446   10    6   10    6
 -0.005065816835437685   10    6   12   10
 0.004387126070407924   10    6   13   11
 0.004156095159636364   10    7    5    1
 0.02608562559075572   10    7    5    2
 0.005921494800423371   10    7    6    5
 0.009962978344412329   10    7    9    1
 0.02479028880667541   10    7    9    2
 0.02308755781855731   10    7    9    6
 0.02596373163817603   10    7   10    3
 0.02404680525208897   10    7   10    7
 -0.01288668350737863   10    7   12    5
 -0.01168817248240688   10    7   12    9
 0.01867704951350337   10    7   13    4
 0.0164422119222254   10    7   13    8
 0.01503370845116703   10    7   14    5
 0.01263991525729361   10    7   14    9
 0.003643341062336328   10    8   10    4
 0.003802296664931769   10    8   10    8
 0.003643341062336328   10    8   11    5
 0.00380229666493177   10    8   11    9
 0.003643341062336328   10    8   13    3
 0.00380229666493177   10    8   13    7
 0.004156095159636364   10    9    3    1
 0.02608562559075572   10    9    3    2
 0.005921494800423371   10    9    6    3
 0.009962978344412329   10    9    7    1
 0.02479028880667541   10    9    7    2
 0.02308755781855731   10    9    7    6
 0.02596373163817603   10    9   10    5
 0.02404680525208897   10    9   10    9
 0.01867704951350337   10    9   11    4
 0.0164422119222254   10    9   11    8
 -0.01288668350737863   10    9   12    3
 -0.01168817248240688   10    9   12    7
 -0.01503370845116703   10    9   14    3
 -0.01263991525729361   10    9   14    7
 0.4150878958055794   10   10    1    1
 -0.0005765609848720365   10   10    2    1
 0.3419714741327997   10   10    2    2
 0.288917434573263   10   10    3    3
 0.2650436833301778   10   10    4    4
 0.288917434573263   10   10    5    5
 -0.000519022707386336   10   10    6    1
 0.06741590794029231   10   10    6    2
 0.2733359597432496   10   10    6    6
 0.08190251492331392   10   10    7    3
 0.3261904589681223   10   10    7    7
 0.07237097977471442   10   10    8    4
 0.3043008506494125   10   10    8    8
 0.08190251492331392   10   10    9    5
 0.3261904589681223   10   10    9    9
 0.3751800550561026   10   10   10   10
 0.3365152109542511   10   10   11   11
 -0.001265207923405004   10   10   12    1
 -0.02434173779962321   10   10   12    2
 -0.005065816835437623   10   10   12    6
 0.3312725202285763   10   10   12   12
 0.3365152109542511   10   10   13   13
 0.3522432831312755   10   10   14   14
 0.0009847656929599024   11    1    4    3
 0.001133733748806875   11    1    7    4
 0.001133733748806874   11    1    8    3
 0.002295138959451074   11    1    8    7
 0.000438442376847402   11    1   11    1
 0.002056705547597514   11    1   11    2
 0.001151331878519726   11    1   11    6
 0.0006326039617025059   11    1   12   11
 0.001095702202738096   11    1   13   10
 -0.001095702202738097   11    1   14   11
 0.01985283580098885   11    2    4    3
 0.008353142151396598   11    2    7    4
 0.008353142151396585   11    2    8    3
 0.01946545092750007   11    2    8    7
 0.002056705547597514   11    2   11    1
 0.03510726859022344   11    2   11    2
 0.008054523744415981   11    2   11    6
 0.01217086889981163   11    2   12   11
 0.02108056330673366   11    2   13   10
 -0.02108056330673366   11    2   14   11
 0.003821447143480582   11    3    4    1
 0.04090396451104452   11    3    4    2
 -0.004976303991280225   11    3    6    4
 0.008900578113228566   11    3    8    1
 0.02460752429235923   11    3    8    2
 0.03192713992167794   11    3    8    6
 0.0410434484753959   11    3   11    3
 0.02596373163817603   11    3   11    7
 0.03014368477047499   11    3   12    4
 0.01946291518548876   11    3   12    8
 0.02909284711500033   11    3   13    5
 0.01867704951350337   11    3   13    9
 -0.005975300680197783   11    3   14    4
 -0.003643341062336331   11    3   14    8
 0.003821447143480582   11    4    3    1
 0.04090396451104452   11    4    3    2
 -0.004976303991280229   11    4    6    3
 0.00890057811322857   11    4    7    1
 0.02460752429235925   11    4    7    2
 0.03192713992167795   11    4    7    6
 0.02909284711500034   11    4   10    5
 0.01867704951350338   11    4   10    9
 0.04104344847539591   11    4   11    4
 0.02596373163817601   11    4   11    8
 -0.009897080200935784   11    4   12    3
 -0.006576231678110142   11    4   12    7
 -0.02909284711500033   11    4   14    3
 -0.01867704951350337   11    4   14    7
 0.005975300680197785   11    5   10    4
 0.003643341062336328   11    5   10    8
 0.005975300680197785   11    5   11    5
 0.00364334106233633   11    5   11    9
 0.005975300680197785   11    5   13    3
 0.00364334106233633   11    5   13    7
 0.001356875866419396   11    6    4    3
 0.006212155746048128   11    6    7    4
 0.006212155746048125   11    6    8    3
 0.007001464800141823   11    6    8    7
 0.001151331878519728   11    6   11    1
 0.008054523744415974   11    6   11    2
 0.007490501284487491   11    6   11    6
 0.002532908417718853   11    6   12   11
 0.00438712607040791   11    6   13   10
 -0.004387126070407934   11    6   14   11
 0.004156095159636366   11    7    4    1
 0.02608562559075571   11    7    4    2
 0.00592149480042337   11    7    6    4
 0.009962978344412326   11    7    8    1
 0.02479028880667539   11    7    8    2
 0.02308755781855728   11    7    8    6
 0.02596373163817603   11    7   11    3
 0.02404680525208897   11    7   11    7
 0.01946291518548879   11    7   12    4
 0.01679057395570219   11    7   12    8
 0.01867704951350337   11    7   13    5
 0.0164422119222254   11    7   13    9
 -0.003643341062336333   11    7   14    4
 -0.003802296664931777   11    7   14    8
 0.004156095159636362   11    8    3    1
 0.0260856255907557   11    8    3    2
 0.005921494800423362   11    8    6    3
 0.009962978344412322   11    8    7    1
 0.02479028880667539   11    8    7    2
 0.0230875578185573   11    8    7    6
 0.01867704951350335   11    8   10    5
 0.01644221192222538   11    8   10    9
 0.02596373163817601   11    8   11    4
 0.02404680525208892   11    8   11    8
 -0.006576231678110136   11    8   12    3
 -0.005102401473295344   11    8   12    7
 -0.01867704951350336   11    8   14    3
 -0.01644221192222538   11    8   14    7
 0.003643341062336331   11    9   10    4
 0.00380229666493177   11    9   10    8
 0.003643341062336331   11    9   11    5
 0.003802296664931772   11    9   11    9
 0.003643341062336331   11    9   13    3
 0.003802296664931772   11    9   13    7
 0.0119368756215426   11   10    5    4
 0.004765767574299713   11   10    8    5
 0.00476576757429972   11   10    9    4
 0.01094480415935492   11   10    9    8
 0.01933242205092581   11   10   11   10
 0.001095702202738096   11   10   13    1
 0.02108056330673366   11   10   13    2
 0.00438712607040791   11   10   13    6
 0.00454030335261944   11   10   13   12
 0.007864036088512194   11   10   14   13
 0.4150878958055794   11   11    1    1
 -0.0005765609848720365   11   11    2    1
 0.3419714741327997   11   11    2    2
 0.288917434573263   11   11    3    3
 0.288917434573263   11   11    4    4
 0.2650436833301778   11   11    5    5
 -0.000519022707386336   11   11    6    1
 0.06741590794029231   11   11    6    2
 0.2733359597432496   11   11    6    6
 0.08190251492331388   11   11    7    3
 0.3261904589681223   11   11    7    7
 0.08190251492331382   11   11    8    4
 0.3261904589681221   11   11    8    8
 0.0723709797747145   11   11    9    5
 0.3043008506494127   11   11    9    9
 0.3365152109542511   11   11   10   10
 0.3751800550561027   11   11   11   11
 0.0006326039617025059   11   11   12    1
 0.01217086889981162   11   11   12    2
 0.002532908417718822   11   11   12    6
 0.3470005924056005   11   11   12   12
 0.3365152109542511   11   11   13   13
 -0.001095702202738093   11   11   14    1
 -0.02108056330673364   11   11   14    2
 -0.004387126070407917   11   11   14    6
 0.009080606705238858   11   11   14   12
 0.3365152109542511   11   11   14   14
 -0.0005685547379191051   12    1    3    3
 0.001137109475838216   12    1    4    4
 -0.0005685547379191051   12    1    5    5
 -0.000654561485063017   12    1    7    3
 -0.001325099096066681   12    1    7    7
 0.001309122970126024   12    1    8    4
 0.002650198192133349   12    1    8    8
 -0.000654561485063017   12    1    9    5
 -0.001325099096066681   12    1    9    9
 -0.001265207923405002   12    1   10   10
 0.0006326039617025025   12    1   11   11
 0.0004384423768474026   12    1   12    1
 0.002056705547597511   12    1   12    2
 0.001151331878519721   12    1   12    6
 0.001265207923405005   12    1   12   12
 0.0006326039617025025   12    1   13   13
 -0.001265207923405008   12    1   14   14
 -0.01146204009387838   12    2    3    3
 0.0229240801877567   12    2    4    4
 -0.01146204009387838   12    2    5    5
 -0.004822688869688009   12    2    7    3
 -0.01123838333288956   12    2    7    7
 0.009645377739376074   12    2    8    4
 0.02247676666577918   12    2    8    8
 -0.004822688869688009   12    2    9    5
 -0.01123838333288956   12    2    9    9
 -0.02434173779962322   12    2   10   10
 0.01217086889981162   12    2   11   11
 0.002056705547597509   12    2   12    1
 0.03510726859022341   12    2   12    2
 0.008054523744415967   12    2   12    6
 0.02434173779962327   12    2   12   12
 0.01217086889981162   12    2   13   13
 -0.02434173779962323   12    2   14   14
 -0.00220631353698244   12    3    3    1
 -0.02361591492137444   12    3    3    2
 0.002873070448935046   12    3    6    3
 -0.005138751169615805   12    3    7    1
 -0.01420716077428387   12    3    7    2
 -0.0184331428282356   12    3    7    6
 -0.02024660456953922   12    3   10    5
 -0.01288668350737865   12    3   10    9
 -0.009897080200935781   12    3   11    4
 -0.00657623167811013   12    3   11    8
 0.01766468327859715   12    3   12    3
 0.0110834712542829   12    3   12    7
 0.02024660456953921   12    3   14    3
 0.01288668350737864   12    3   14    7
 0.00441262707396488   12    4    4    1
 0.0472318298427489   12    4    4    2
 -0.005746140897870104   12    4    6    4
 0.01027750233923161   12    4    8    1
 0.02841432154856772   12    4    8    2
 0.03686628565647122   12    4    8    6
 0.03014368477047499   12    4   11    3
 0.0194629151854888   12    4   11    7
 0.05273283107379528   12    4   12    4
 0.03340386183012255   12    4   12    8
 0.03014368477047499   12    4   13    5
 0.0194629151854888   12    4   13    9
 -0.00220631353698244   12    5    5    1
 -0.02361591492137444   12    5    5    2
 0.002873070448935046   12    5    6    5
 -0.005138751169615805   12    5    9    1
 -0.01420716077428387   12    5    9    2
 -0.0184331428282356   12    5    9    6
 -0.02024660456953922   12    5   10    3
 -0.01288668350737865   12    5   10    7
 0.01766468327859715   12    5   12    5
 0.0110834712542829   12    5   12    9
 -0.009897080200935781   12    5   13    4
 -0.00657623167811013   12    5   13    8
 -0.02024660456953921   12    5   14    5
 -0.01288668350737864   12    5   14    9
 -0.0007833926467340767   12    6    3    3
 0.001566785293468334   12    6    4    4
 -0.0007833926467340767   12    6    5    5
 -0.003586589792228843   12    6    7    3
 -0.004042297587083486   12    6    7    7
 0.007173179584457552   12    6    8    4
 0.008084595174167004   12    6    8    8
 -0.003586589792228843   12    6    9    5
 -0.004042297587083486   12    6    9    9
 -0.005065816835437616   12    6   10   10
 0.002532908417718808   12    6   11   11
 0.001151331878519725   12    6   12    1
 0.008054523744415853   12    6   12    2
 0.007490501284486922   12    6   12    6
 0.005065816835437803   12    6   12   12
 0.002532908417718808   12    6   13   13
 -0.005065816835437614   12    6   14   14
 -0.002399522659193755   12    7    3    1
 -0.01506054295680259   12    7    3    2
 -0.003418776617029407   12    7    6    3
 -0.005752128229076871   12    7    7    1
 -0.01431267991582263   12    7    7    2
 -0.01332960772147507   12    7    7    6
 -0.01288668350737863   12    7   10    5
 -0.01168817248240689   12    7   10    9
 -0.006576231678110139   12    7   11    4
 -0.005102401473295353   12    7   11    8
 0.01108347125428289   12    7   12    3
 0.01055046619398415   12    7   12    7
 0.01288668350737863   12    7   14    3
 0.01168817248240689   12    7   14    7
 0.004799045318387509   12    8    4    1
 0.03012108591360518   12    8    4    2
 0.006837553234058776   12    8    6    4
 0.01150425645815373   12    8    8    1
 0.02862535983164518   12    8    8    2
 0.02665921544295015   12    8    8    6
 0.01946291518548877   12    8   11    3
 0.01679057395570219   12    8   11    7
 0.03340386183012256   12    8   12    4
 0.03079497478114126   12    8   12    8
 0.01946291518548877   12    8   13    5
 0.01679057395570219   12    8   13    9
 -0.002399522659193755   12    9    5    1
 -0.01506054295680259   12    9    5    2
 -0.003418776617029407   12    9    6    5
 -0.005752128229076871   12    9    9    1
 -0.01431267991582263   12    9    9    2
 -0.01332960772147507   12    9    9    6
 -0.01288668350737863   12    9   10    3
 -0.01168817248240689   12    9   10    7
 0.01108347125428289   12    9   12    5
 0.01055046619398415   12    9   12    9
 -0.006576231678110139   12    9   13    4
 -0.005102401473295353   12    9   13    8
 -0.01288668350737863   12    9   14    5
 -0.01168817248240689   12    9   14    9
 -0.0137835167067614   12   10    5    3
 -0.005503034383834267   12   10    7    5
 -0.005503034383834267   12   10    9    3
 -0.0126379712552626   12   10    9    7
 -0.001265207923405011   12   10   10    1
 -0.02434173779962325   12   10   10    2
 -0.005065816835437692   12   10   10    6
 0.02195376741376321   12   10   12   10
 -0.009080606705238895   12   10   13   11
 0.006891758353380703   12   11    4    3
 0.002751517191917132   12   11    7    4
 0.002751517191917128   12   11    8    3
 0.006318985627631302   12   11    8    7
 0.0006326039617025057   12   11   11    1
 0.01217086889981163   12   11   11    2
 0.002532908417718846   12   11   11    6
 0.01408973132525101   12   11   12   11
 0.004540303352619443   12   11   13   10
 -0.004540303352619442   12   11   14   11
 0.4150878958055791   12   12    1    1
 -0.0005765609848720155   12   12    2    1
 0.3419714741327996   12   12    2    2
 0.2730016004112062   12   12    3    3
 0.2968753516542914   12   12    4    4
 0.2730016004112062   12   12    5    5
 -0.0005190227073864192   12   12    6    1
 0.06741590794029226   12   12    6    2
 0.2733359597432494   12   12    6    6
 0.07554815815758092   12   12    7    3
 0.3115973867556492   12   12    7    7
 0.08507969330618029   12   12    8    4
 0.3334869950743587   12   12    8    8
 0.07554815815758092   12   12    9    5
 0.3115973867556492   12   12    9    9
 0.3312725202285762   12   12   10   10
 0.3470005924056007   12   12   11   11
 0.001265207923405007   12   12   12    1
 0.02434173779962327   12   12   12    2
 0.005065816835437643   12   12   12    6
 0.3751800550561026   12   12   12   12
 0.3470005924056007   12   12   13   13
 0.3312725202285761   12   12   14   14
 0.0009847656929599026   13    1    5    4
 0.001133733748806874   13    1    8    5
 0.001133733748806875   13    1    9    4
 0.002295138959451074   13    1    9    8
 0.001095702202738096   13    1   11   10
 0.000438442376847402   13    1   13    1
 0.002056705547597514   13    1   13    2
 0.001151331878519726   13    1   13    6
 0.0006326039617025056   13    1   13   12
 0.001095702202738097   13    1   14   13
 0.01985283580098885   13    2    5    4
 0.008353142151396585   13    2    8    5
 0.008353142151396598   13    2    9    4
 0.01946545092750007   13    2    9    8
 0.02108056330673366   13    2   11   10
 0.002056705547597514   13    2   13    1
 0.03510726859022344   13    2   13    2
 0.008054523744415981   13    2   13    6
 0.01217086889981162   13    2   13   12
 0.02108056330673366   13    2   14   13
 0.005975300680197785   13    3   10    4
 0.003643341062336328   13    3   10    8
 0.005975300680197785   13    3   11    5
 0.00364334106233633   13    3   11    9
 0.005975300680197785   13    3   13    3
 0.00364334106233633   13    3   13    7
 0.003821447143480582   13    4    5    1
 0.04090396451104452   13    4    5    2
 -0.004976303991280229   13    4    6    5
 0.00890057811322857   13    4    9    1
 0.02460752429235925   13    4    9    2
 0.03192713992167795   13    4    9    6
 0.02909284711500034   13    4   10    3
 0.01867704951350338   13    4   10    7
 -0.009897080200935784   13    4   12    5
 -0.006576231678110142   13    4   12    9
 0.04104344847539591   13    4   13    4
 0.02596373163817601   13    4   13    8
 0.02909284711500033   13    4   14    5
 0.01867704951350337   13    4   14    9
 0.003821447143480582   13    5    4    1
 0.04090396451104452   13    5    4    2
 -0.004976303991280225   13    5    6    4
 0.008900578113228566   13    5    8    1
 0.02460752429235923   13    5    8    2
 0.03192713992167794   13    5    8    6
 0.02909284711500033   13    5   11    3
 0.01867704951350337   13    5   11    7
 0.03014368477047499   13    5   12    4
 0.01946291518548876   13    5   12    8
 0.0410434484753959   13    5   13    5
 0.02596373163817603   13    5   13    9
 0.005975300680197783   13    5   14    4
 0.003643341062336331   13    5   14    8
 0.001356875866419396   13    6    5    4
 0.006212155746048125   13    6    8    5
 0.006212155746048128   13    6    9    4
 0.007001464800141823   13    6    9    8
 0.00438712607040791   13    6   11   10
 0.001151331878519728   13    6   13    1
 0.008054523744415974   13    6   13    2
 0.007490501284487491   13    6   13    6
 0.002532908417718843   13    6   13   12
 0.004387126070407934   13    6   14   13
 0.003643341062336331   13    7   10    4
 0.00380229666493177   13    7   10    8
 0.003643341062336331   13    7   11    5
 0.003802296664931772   13    7   11    9
 0.003643341062336331   13    7   13    3
 0.003802296664931772   13    7   13    7
 0.004156095159636362   13    8    5    1
 0.0260856255907557   13    8    5    2
 0.005921494800423362   13    8    6    5
 0.009962978344412322   13    8    9    1
 0.02479028880667539   13    8    9    2
 0.0230875578185573   13    8    9    6
 0.01867704951350335   13    8   10    3
 0.01644221192222538   13    8   10    7
 -0.006576231678110136   13    8   12    5
 -0.005102401473295344   13    8   12    9
 0.02596373163817601   13    8   13    4
 0.02404680525208892   13    8   13    8
 0.01867704951350336   13    8   14    5
 0.01644221192222538   13    8   14    9
 0.004156095159636366   13    9    4    1
 0.02608562559075571   13    9    4    2
 0.00592149480042337   13    9    6    4
 0.009962978344412326   13    9    8    1
 0.02479028880667539   13    9    8    2
 0.02308755781855728   13    9    8    6
 0.01867704951350337   13    9   11    3
 0.0164422119222254   13    9   11    7
 0.01946291518548879   13    9   12    4
 0.01679057395570219   13    9   12    8
 0.02596373163817603   13    9   13    5
 0.02404680525208897   13    9   13    9
 0.003643341062336333   13    9   14    4
 0.003802296664931777   13    9   14    8
 0.0119368756215426   13   10    4    3
 0.00476576757429972   13   10    7    4
 0.004765767574299713   13   10    8    3
 0.01094480415935492   13   10    8    7
 0.001095702202738096   13   10   11    1
 0.02108056330673366   13   10   11    2
 0.00438712607040791   13   10   11    6
 0.00454030335261944   13   10   12   11
 0.01933242205092581   13   10   13   10
 -0.007864036088512194   13   10   14   11
 0.0119368756215426   13   11    5    3
 0.004765767574299716   13   11    7    5
 0.004765767574299716   13   11    9    3
 0.01094480415935493   13   11    9    7
 0.001095702202738096   13   11   10    1
 0.02108056330673366   13   11   10    2
 0.004387126070407924   13   11   10    6
 -0.009080606705238895   13   11   12   10
 0.01933242205092581   13   11   13   11
 0.006891758353380703   13   12    5    4
 0.002751517191917126   13   12    8    5
 0.002751517191917131   13   12    9    4
 0.006318985627631297   13   12    9    8
 0.004540303352619445   13   12   11   10
 0.0006326039617025056   13   12   13    1
 0.01217086889981162   13   12   13    2
 0.002532908417718843   13   12   13    6
 0.01408973132525101   13   12   13   12
 0.00454030335261944   13   12   14   13
 0.4150878958055794   13   13    1    1
 -0.0005765609848720365   13   13    2    1
 0.3419714741327997   13   13    2    2
 0.2650436833301778   13   13    3    3
 0.288917434573263   13   13    4    4
 0.288917434573263   13   13    5    5
 -0.000519022707386336   13   13    6    1
 0.06741590794029231   13   13    6    2
 0.2733359597432496   13   13    6    6
 0.0723709797747145   13   13    7    3
 0.3043008506494127   13   13    7    7
 0.08190251492331382   13   13    8    4
 0.3261904589681221   13   13    8    8
 0.08190251492331388   13   13    9    5
 0.3261904589681223   13   13    9    9
 0.3365152109542511   13   13   10   10
 0.3365152109542511   13   13   11   11
 0.0006326039617025059   13   13   12    1
 0.01217086889981162   13   13   12    2
 0.002532908417718822   13   13   12    6
 0.3470005924056005   13   13   12   12
 0.3751800550561027   13   13   13   13
 0.001095702202738093   13   13   14    1
 0.02108056330673364   13   13   14    2
 0.004387126070407917   13   13   14    6
 -0.009080606705238858   13   13   14   12
 0.3365152109542511   13   13   14   14
 -0.0009847656929599044   14    1    3    3
 0.0009847656929599044   14    1    5    5
 -0.001133733748806876   14    1    7    3
 -0.002295138959451078   14    1    7    7
 0.001133733748806876   14    1    9    5
 0.002295138959451078   14    1    9    9
 -0.001095702202738094   14    1   11   11
 0.001095702202738094   14    1   13   13
 0.0004384423768474015   14    1   14    1
 0.002056705547597517   14    1   14    2
 0.001151331878519728   14    1   14    6
 -0.001265207923405004   14    1   14   12
 -0.01985283580098884   14    2    3    3
 0.01985283580098884   14    2    5    5
 -0.008353142151396587   14    2    7    3
 -0.01946545092750002   14    2    7    7
 0.008353142151396587   14    2    9    5
 0.01946545092750002   14    2    9    9
 -0.02108056330673364   14    2   11   11
 0.02108056330673364   14    2   13   13
 0.002056705547597513   14    2   14    1
 0.03510726859022341   14    2   14    2
 0.008054523744415898   14    2   14    6
 -0.02434173779962325   14    2   14   12
 -0.003821447143480581   14    3    3    1
 -0.04090396451104451   14    3    3    2
 0.004976303991280221   14    3    6    3
 -0.00890057811322857   14    3    7    1
 -0.02460752429235925   14    3    7    2
 -0.03192713992167796   14    3    7    6
 -0.02311754643480256   14    3   10    5
 -0.01503370845116704   14    3   10    9
 -0.02909284711500033   14    3   11    4
 -0.01867704951350336   14    3   11    8
 0.02024660456953921   14    3   12    3
 0.01288668350737864   14    3   12    7
 0.04104344847539588   14    3   14    3
 0.02596373163817603   14    3   14    7
 -0.005975300680197783   14    4   11    3
 -0.003643341062336332   14    4   11    7
 0.005975300680197783   14    4   13    5
 0.003643341062336332   14    4   13    9
 0.005975300680197781   14    4   14    4
 0.003643341062336328   14    4   14    8
 0.003821447143480581   14    5    5    1
 0.04090396451104451   14    5    5    2
 -0.004976303991280221   14    5    6    5
 0.00890057811322857   14    5    9    1
 0.02460752429235925   14    5    9    2
 0.03192713992167796   14    5    9    6
 0.02311754643480256   14    5   10    3
 0.01503370845116704   14    5   10    7
 -0.02024660456953921   14    5   12    5
 -0.01288668350737864   14    5   12    9
 0.02909284711500033   14    5   13    4
 0.01867704951350336   14    5   13    8
 0.04104344847539588   14    5   14    5
 0.02596373163817603   14    5   14    9
 -0.001356875866419421   14    6    3    3
 0.001356875866419421   14    6    5    5
 -0.006212155746048105   14    6    7    3
 -0.007001464800141932   14    6    7    7
 0.006212155746048105   14    6    9    5
 0.007001464800141932   14    6    9    9
 -0.00438712607040791   14    6   11   11
 0.00438712607040791   14    6   13   13
 0.001151331878519729   14    6   14    1
 0.008054523744415846   14    6   14    2
 0.007490501284487231   14    6   14    6
 -0.005065816835437705   14    6   14   12
 -0.004156095159636364   14    7    3    1
 -0.0260856255907557   14    7    3    2
 -0.005921494800423386   14    7    6    3
 -0.009962978344412329   14    7    7    1
 -0.02479028880667542   14    7    7    2
 -0.0230875578185572   14    7    7    6
 -0.01503370845116703   14    7   10    5
 -0.01263991525729359   14    7   10    9
 -0.01867704951350337   14    7   11    4
 -0.01644221192222537   14    7   11    8
 0.01288668350737862   14    7   12    3
 0.01168817248240687   14    7   12    7
 0.02596373163817603   14    7   14    3
 0.02404680525208894   14    7   14    7
 -0.003643341062336328   14    8   11    3
 -0.003802296664931775   14    8   11    7
 0.003643341062336328   14    8   13    5
 0.003802296664931775   14    8   13    9
 0.003643341062336329   14    8   14    4
 0.003802296664931772   14    8   14    8
 0.004156095159636364   14    9    5    1
 0.0260856255907557   14    9    5    2
 0.005921494800423386   14    9    6    5
 0.009962978344412329   14    9    9    1
 0.02479028880667542   14    9    9    2
 0.0230875578185572   14    9    9    6
 0.01503370845116703   14    9   10    3
 0.01263991525729359   14    9   10    7
 -0.01288668350737862   14    9   12    5
 -0.01168817248240687   14    9   12    9
 0.01867704951350337   14    9   13    4
 0.01644221192222537   14    9   13    8
 0.02596373163817603   14    9   14    5
 0.02404680525208894   14    9   14    9
 0.01146838596241364   14   10   14   10
 -0.0119368756215426   14   11    4    3
 -0.004765767574299722   14   11    7    4
 -0.004765767574299714   14   11    8    3
 -0.01094480415935491   14   11    8    7
 -0.001095702202738096   14   11   11    1
 -0.02108056330673366   14   11   11    2
 -0.004387126070407942   14   11   11    6
 -0.004540303352619447   14   11   12   11
 -0.007864036088512195   14   11   13   10
 0.0193324220509258   14   11   14   11
 0.0137835167067614   14   12    3    3
 -0.0137835167067614   14   12    5    5
 0.005503034383834289   14   12    7    3
 0.01263797125526252   14   12    7    7
 -0.005503034383834289   14   12    9    5
 -0.01263797125526252   14   12    9    9
 0.009080606705238829   14   12   11   11
 -0.009080606705238829   14   12   13   13
 -0.001265207923405004   14   12   14    1
 -0.02434173779962322   14   12   14    2
 -0.005065816835437768   14   12   14    6
 0.02195376741376323   14   12   14   12
 0.0119368756215426   14   13    5    4
 0.004765767574299714   14   13    8    5
 0.004765767574299722   14   13    9    4
 0.01094480415935491   14   13    9    8
 0.007864036088512195   14   13   11   10
 0.001095702202738096   14   13   13    1
 0.02108056330673366   14   13   13    2
 0.004387126070407942   14   13   13    6
 0.004540303352619444   14   13   13   12
 0.0193324220509258   14   13   14   13
 0.4150878958055789   14   14    1    1
 -0.0005765609848720026   14   14    2    1
 0.3419714741327995   14   14    2    2
 0.2889174345732629   14   14    3    3
 0.2650436833301777   14   14    4    4
 0.2889174345732629   14   14    5    5
 -0.0005190227073864238   14   14    6    1
 0.06741590794029212   14   14    6    2
 0.2733359597432494   14   14    6    6
 0.08190251492331382   14   14    7    3
 0.3261904589681226   14   14    7    7
 0.07237097977471438   14   14    8    4
 0.3043008506494123   14   14    8    8
 0.08190251492331382   14   14    9    5
 0.3261904589681226   14   14    9    9
 0.3522432831312755   14   14   10   10
 0.3365152109542511   14   14   11   11
 -0.001265207923405008   14   14   12    1
 -0.02434173779962321   14   14   12    2
 -0.005065816835437664   14   14   12    6
 0.3312725202285761   14   14   12   12
 0.3365152109542511   14   14   13   13
 0.3751800550561022   14   14   14   14
 -7.94195368554323    1    1  0  0
 0.1958478763639115    2    1  0  0
 -1.589019284447837    2    2  0  0
 -1.104883477707493    3    3  0  0
 -1.104883477707493    4    4  0  0
 -1.104883477707493    5    5  0  0
 0.1622944687025534    6    1  0  0
 -0.4186735356090602    6    2  0  0
 -0.9483138136412432    6    6  0  0
 -0.4760337574160591    7    3  0  0
 -1.307886229885473    7    7  0  0
 -0.4760337574160589    8    4  0  0
 -1.307886229885472    8    8  0  0
 -0.4760337574160591    9    5  0  0
 -1.307886229885473    9    9  0  0
 -0.8277996893772348   10   10  0  0
 -0.8277996893772347   11   11  0  0
 -0.8277996893772346   12   12  0  0
 -0.8277996893772347   13   13  0  0
 -0.8277996893772344   14   14  0  0
 0  0  0  0  0
